Dimensions = 0.294511 0.000000 0.000000 0.000000 0.000000 0.000000 0.000000
TextureSets = 1
Switches = -1
Dofs = -1
AddLOD = MR-Cockpit-Cover-Desktop-Pit-No-MFDs-No-DED2_0.bml 600000
